%%%x-coil
x.Kp  = 3639.2 ;                 
x.Tp1 = 108.65 ;                
x.Tp2 = 0.52435;               
x.Tz  = 24.199 ;
%%%PID parameters
x.PID.Kp = 1.460477259865257e-04;
x.PID.Ki = 6.548069875818259e-05;
x.PID.Kd = 0;

%%%y-coil
y.Kp  = 6900.7;                 
y.Tp1 = 4.5513;                 
y.Tp2 = 4.3827;                 
y.Tz  = 2.7486;
%%%PID parameters
y.PID.Kp = 2.290700520974975e-04;
y.PID.Ki = 1.996463879247196e-05;
y.PID.Kd = 0;

%%%z-coil
z.Kp  = 3137.9 ;                
z.Tp1 = 46.134 ;                
z.Tp2 = 0.35501;                
z.Tz  = 166.08 ;
%%%PID parameters
z.PID.Kp = 0;
z.PID.Ki = 1.715276047702329e-06;
z.PID.Kd = 0;

