%%%x-coil
x.Kp  = 3639.2 ;                 
x.Tp1 = 108.65 ;                
x.Tp2 = 0.52435;               
x.Tz  = 24.199 ;
%%%PID parameters
x.PID.Kp = 7.034383411703327e-04;
x.PID.Ki = 0.001083608847320;
x.PID.Kd = 3.096305095968147e-05;

%%%y-coil
y.Kp  = 6900.7;                 
y.Tp1 = 4.5513;                 
y.Tp2 = 4.3827;                 
y.Tz  = 2.7486;
%%%PID parameters
 y.PID.Kp = 0.001047044877412;
 y.PID.Ki = 8.904034390454403e-05;
 y.PID.Kd = 0;

%%%z-coil
z.Kp  = 3137.9 ;                
z.Tp1 = 46.134 ;                
z.Tp2 = 0.35501;                
z.Tz  = 166.08 ;
%%%PID parameters
%z.PID.Kp = 1.537799835205078e-05;
%z.PID.Ki = 5.664950833305315e-05;
%z.PID.Kd = 4.768371582031250e-07;
z.PID.Kp = 4.615511464687471e-04;
z.PID.Ki = 9.424258082431376e-04;
z.PID.Kd = 5.196961221151999e-06;
