%%Plant tf
kp  = 1.5458e+03;
bp  = 0.0413;
ap1 = 1.9163;
ap2 = 0.0176;
