%%%x-coil
x.Kp  = 3639.2 ;                 
x.Tp1 = 108.65 ;                
x.Tp2 = 0.52435;               
x.Tz  = 24.199 ;

%%%Adaptation Law gains
x.lambda = 0.037500000000000;
x.n = 0.011464346044911;
x.alpha = 0.082657365527848;
x.beta = 0.071104561169182;
x.epsilon = 0.006266781313135;

%%%Initial Conditions
x.kd_init = 0.053770850485923;
x.ki_init = 0.016436736176591;
x.kp_init = 0.100000000000000;


