%%%x-coil
x.Kp  = 3639.2 ;                 
x.Tp1 = 108.65 ;                
x.Tp2 = 0.52435;               
x.Tz  = 24.199 ;

%%%Adaptation Law gains
x.lambda = 0.1;
x.n = 0.01;
x.alpha = 0.1;
x.beta = 0.01;
x.epsilon = 1E-6;

%%%Initial Conditions
x.kd_init = 2.290700520974975e-04;
x.ki_init = 1.996463879247196e-05;
x.kp_init = 0;


